volts = ([0.  , 0.01, 0.02, 0.03, 0.04, 0.05, 0.06, 0.07, 0.08, 0.09, 0.1 ,
       0.11, 0.12, 0.13, 0.14, 0.15, 0.16, 0.17, 0.18, 0.19, 0.2 , 0.21,
       0.22, 0.23, 0.24, 0.25, 0.26, 0.27, 0.28, 0.29, 0.3 , 0.31, 0.32,
       0.33, 0.34, 0.35, 0.36, 0.37, 0.38, 0.39, 0.4 , 0.41, 0.42, 0.43,
       0.44, 0.45, 0.46, 0.47, 0.48, 0.49, 0.5 , 0.51, 0.52, 0.53, 0.54,
       0.55, 0.56, 0.57, 0.58, 0.59, 0.6 , 0.61, 0.62, 0.63, 0.64, 0.65,
       0.66, 0.67, 0.68, 0.69, 0.7 , 0.71, 0.72, 0.73, 0.74, 0.75, 0.76,
       0.77, 0.78, 0.79, 0.8 , 0.81, 0.82, 0.83, 0.84, 0.85, 0.86, 0.87,
       0.88, 0.89, 0.9 , 0.91, 0.92, 0.93, 0.94, 0.95, 0.96, 0.97, 0.98,
       0.99, 1.  ])


amps = ([-2.0000e-04,  1.6000e-03,  3.0000e-03,  4.6000e-03,  4.6000e-03,
        7.8000e-03,  9.4000e-03,  1.0800e-02,  1.2600e-02,  1.4000e-02,
        1.5800e-02,  1.7200e-02, -3.7112e+00,  3.9800e-02,  2.2000e-02,
        2.3600e-02,  2.5000e-02,  2.6800e-02,  2.8200e-02,  3.0000e-02,
       -1.5838e+00,  3.1400e-02,  3.3000e-02,  3.6200e-02,  3.7800e-02,
        3.9200e-02,  4.1000e-02,  4.2400e-02,  4.4000e-02,  4.5600e-02,
        4.7200e-02,  4.8800e-02,  5.0400e-02,  5.2000e-02,  5.3600e-02,
        5.5000e-02, -3.5822e+00,  5.6400e-02,  5.9800e-02,  6.1400e-02,
        6.2800e-02,  6.4200e-02, -3.5524e+00,  6.7600e-02,  7.1600e-02,
        6.9200e-02,  7.2400e-02,  7.3800e-02,  7.5400e-02,  7.7000e-02,
        7.8400e-02,  8.0200e-02,  8.0200e-02,  8.1800e-02,  8.4800e-02,
        8.6400e-02,  8.6400e-02,  8.9400e-02,  9.1200e-02,  9.1200e-02,
       -3.4520e+00,  9.4200e-02,  9.5800e-02,  9.9000e-02,  1.0060e-01,
        1.0200e-01,  1.0360e-01,  1.0520e-01,  1.0700e-01,  1.0860e-01,
        1.0980e-01,  1.1160e-01,  1.1300e-01,  1.1460e-01,  1.1620e-01,
        1.1780e-01,  1.1940e-01,  1.2080e-01,  1.2260e-01,  1.2420e-01,
        1.2400e-01,  1.2720e-01,  1.2880e-01, -3.3282e+00,  1.3040e-01,
        1.3360e-01,  1.3500e-01,  1.3680e-01,  1.3820e-01,  1.3980e-01,
        1.4140e-01,  1.4280e-01,  1.4460e-01,  1.4600e-01,  1.4600e-01,
        1.4780e-01,  1.5100e-01,  1.5220e-01,  1.5400e-01, -3.2420e+00,
        1.5720e-01])



writing: :SOUR:A:VOLT 0.93
writing: :READ:A?
requesting: ++read 10
1.46E-01

writing: :SOUR:A:VOLT 0.94
writing: :READ:A?
requesting: ++read 10
1.46E-01

writing: :SOUR:A:VOLT 0.95
writing: :READ:A?
requesting: ++read 10
1.478E-01

writing: :SOUR:A:VOLT 0.96
writing: :READ:A?
requesting: ++read 10
1.51E-01

writing: :SOUR:A:VOLT 0.97
writing: :READ:A?
requesting: ++read 10
1.522E-01

writing: :SOUR:A:VOLT 0.98
writing: :READ:A?
requesting: ++read 10
1.54E-01

writing: :SOUR:A:VOLT 0.99
writing: :READ:A?
requesting: ++read 10
-3.242E+00

writing: :SOUR:A:VOLT 1.0
writing: :READ:A?
requesting: ++read 10
1.572E-01

